2021 1 16 8 7 00001 书 102.360000 会员卡 
2021 1 16 8 7 00001 书 20.100000 银联卡 
2021 1 16 8 7 00001 书 56.700000 微信 
2021 1 16 8 7 00001 书 52.300000 支付宝 
2021 1 16 8 7 00001 书 41.020000 会员卡 
2021 2 16 8 7 00001 书 96.540000 银联卡 
2021 2 16 8 7 00001 书 36.250000 微信 
2021 2 16 8 7 00001 书 45.680000 支付宝 
2021 2 16 8 7 00001 书 45.320000 会员卡 
2021 3 16 8 7 00001 书 97.400000 银联卡 
2021 3 16 8 7 00001 书 4.700000 微信 
2021 3 16 8 7 00001 书 6.140000 支付宝 
2021 4 16 8 7 00001 书 87.320000 会员卡 
2021 6 16 8 7 00001 书 66.660000 银联卡 
2021 4 16 8 7 00003 书 12.870000 微信 
2021 4 16 8 7 00001 书 36.120000 支付宝 
2021 4 16 8 7 00001 书 0.990000 会员卡 
2021 3 16 8 7 00001 书 758.340000 银联卡 
2021 4 16 8 7 00001 书 74.640000 微信 
2021 4 16 8 7 00001 书 12.870000 支付宝 
2021 4 16 8 7 00001 书 56.320000 会员卡 
2021 5 16 8 7 00001 书 58.120000 银联卡 
2021 5 16 8 7 00001 书 23.840000 微信 
2021 6 16 8 7 00001 书 77.770000 支付宝 
2021 7 16 8 7 00001 书 78.360000 会员卡 
2021 7 16 8 7 00001 书 20.140000 银联卡 
2021 7 16 8 7 00001 书 63.250000 微信 
2021 7 16 8 7 00001 书 42.360000 支付宝 
2021 8 16 8 7 00001 书 45.360000 会员卡 
2021 8 16 8 7 00001 书 52.310000 银联卡 
2021 9 16 8 7 00001 书 45.680000 微信 
2021 9 16 8 7 00001 书 65.300000 支付宝 
2021 9 16 8 7 00001 书 45.900000 会员卡 
2021 9 16 8 7 00001 书 86.400000 银联卡 
2021 10 16 8 7 00001 书 5.500000 微信 
2021 10 16 8 7 00001 书 3.250000 支付宝 
2021 11 16 8 7 00001 书 63.400000 会员卡 
2021 11 16 8 7 00001 书 87.600000 银联卡 
2021 11 16 8 7 00001 书 87.200000 微信 
2021 12 16 8 7 00001 书 44.800000 支付宝 
2021 12 31 10 48 00001 书包 9.990000 会员卡 
2021 12 31 10 49 00001 资料 16.690000 微信 
2021 12 31 10 52 00001 课本 36.250000 美团支付 
2021 12 31 11 15 00001 工艺品 66666.660000 现金 
2021 12 31 11 29 00001 资料 0.660000 现金 
2022 1 2 18 25 00001 书 16.680000 微信 
2022 1 2 18 27 00001 资料 16.680000 京东白条 
2022 1 7 11 44 00008 电池 5.800000 会员卡 
2022 1 8 23 15 00003 耳机 0.990000 会员卡 
2022 1 9 0 37 00007 纸 0.680000 会员卡 
2022 1 9 0 41 00019 粒子 0.990000 会员卡 
2022 1 9 0 43 00056 台灯 10.660000 会员卡 
2022 1 9 17 31 00068 手机 1999.000000 微信 
2022 1 9 18 47 00005 电脑 3999.000000 支付宝 
